sfe_tbs_M1_024_vv3/sfe_tbs_M1_024_vv3/sfe_tbs_m1_024_vv3.asc
ncols         189
nrows         67
xllcorner     95.300000000745
yllcorner     67.89999999851
cellsize      1
NODATA_value  -9999
[rows 0 to 28 of 67, columns 0 to 64 of 189]
-9999 -9999 -9999 -9999 -9999 1009.665 1009.66 1009.66 1009.655 1009.65 1009.645 1009.645 1009.645 1009.645 1009.645 1009.645 1009.645 1009.64 1009.64 1009.635 1009.64 1009.64 1009.64 1009.64 1009.64 1009.645 1009.645 1009.645 1009.65 1009.65 1009.65 1009.65 1009.655 1009.655 1009.655 1009.655 1009.655 1009.655 1009.655 1009.65 1009.65 1009.655 1009.655 1009.65 1009.655 1009.655 1009.655 1009.655 1009.655 1009.655 1009.65 1009.645 1009.645 1009.645 1009.645 1009.645 1009.64 1009.64 1009.64 1009.635 1009.635 1009.635 1009.635 1009.63 1009.63
-9999 -9999 -9999 -9999 1009.385 1009.345 1009.34 1009.335 1009.33 1009.325 1009.315 1009.315 1009.315 1009.315 1009.315 1009.315 1009.315 1009.315 1009.31 1009.31 1009.315 1009.32 1009.32 1009.32 1009.325 1009.33 1009.335 1009.34 1009.35 1009.35 1009.35 1009.355 1009.36 1009.365 1009.365 1009.37 1009.37 1009.37 1009.37 1009.37 1009.375 1009.38 1009.38 1009.38 1009.38 1009.38 1009.385 1009.385 1009.38 1009.375 1009.375 1009.375 1009.375 1009.375 1009.375 1009.37 1009.365 1009.365 1009.365 1009.36 1009.36 1009.36 1009.355 1009.35 1009.35
-9999 -9999 -9999 -9999 1009.07 1009.025 1009.02 1009.015 1009.005 1008.995 1008.99 1008.985 1008.985 1008.985 1008.985 1008.985 1008.985 1008.985 1008.985 1008.985 1008.99 1008.995 1009 1009.005 1009.015 1009.02 1009.03 1009.035 1009.045 1009.055 1009.055 1009.06 1009.07 1009.08 1009.08 1009.085 1009.09 1009.09 1009.09 1009.09 1009.095 1009.1 1009.1 1009.1 1009.105 1009.105 1009.11 1009.11 1009.105 1009.105 1009.105 1009.105 1009.105 1009.105 1009.105 1009.1 1009.09 1009.09 1009.09 1009.085 1009.085 1009.085 1009.08 1009.075 1009.075
-9999 -9999 -9999 -9999 1008.755 1008.71 1008.7 1008.69 1008.68 1008.675 1008.665 1008.66 1008.655 1008.655 1008.655 1008.655 1008.655 1008.655 1008.655 1008.66 1008.665 1008.675 1008.68 1008.685 1008.7 1008.705 1008.715 1008.73 1008.745 1008.755 1008.76 1008.765 1008.775 1008.79 1008.795 1008.8 1008.805 1008.81 1008.81 1008.81 1008.815 1008.82 1008.82 1008.825 1008.83 1008.83 1008.835 1008.835 1008.835 1008.835 1008.835 1008.835 1008.835 1008.83 1008.83 1008.825 1008.815 1008.815 1008.815 1008.815 1008.81 1008.81 1008.805 1008.8 1008.8
-9999 -9999 -9999 1008.525 1008.445 1008.4 1008.38 1008.365 1008.355 1008.345 1008.335 1008.335 1008.33 1008.325 1008.325 1008.325 1008.325 1008.325 1008.325 1008.33 1008.34 1008.35 1008.36 1008.37 1008.39 1008.395 1008.405 1008.42 1008.44 1008.455 1008.46 1008.47 1008.485 1008.5 1008.505 1008.515 1008.52 1008.525 1008.53 1008.53 1008.54 1008.545 1008.54 1008.545 1008.555 1008.555 1008.56 1008.565 1008.565 1008.565 1008.565 1008.565 1008.565 1008.56 1008.555 1008.55 1008.54 1008.54 1008.54 1008.54 1008.54 1008.535 1008.525 1008.52 1008.52
-9999 -9999 -9999 1008.215 1008.135 1008.085 1008.06 1008.04 1008.03 1008.02 1008.005 1008.005 1008.005 1008 1007.995 1007.995 1007.995 1007.995 1007.995 1008.005 1008.015 1008.03 1008.04 1008.05 1008.075 1008.085 1008.095 1008.115 1008.135 1008.15 1008.17 1008.18 1008.195 1008.21 1008.215 1008.225 1008.235 1008.245 1008.25 1008.25 1008.26 1008.265 1008.265 1008.275 1008.28 1008.28 1008.29 1008.295 1008.295 1008.295 1008.295 1008.29 1008.285 1008.285 1008.285 1008.28 1008.27 1008.265 1008.265 1008.265 1008.265 1008.26 1008.255 1008.245 1008.24
-9999 -9999 -9999 1007.895 1007.82 1007.775 1007.745 1007.72 1007.705 1007.69 1007.675 1007.675 1007.675 1007.67 1007.67 1007.67 1007.665 1007.665 1007.665 1007.675 1007.695 1007.705 1007.72 1007.73 1007.76 1007.775 1007.79 1007.81 1007.83 1007.855 1007.875 1007.89 1007.905 1007.92 1007.93 1007.94 1007.95 1007.96 1007.97 1007.97 1007.98 1007.99 1007.99 1007.995 1008.005 1008.005 1008.015 1008.025 1008.025 1008.025 1008.02 1008.015 1008.015 1008.015 1008.015 1008.01 1008 1007.99 1007.99 1007.99 1007.985 1007.985 1007.98 1007.965 1007.96
-9999 -9999 1007.68 1007.585 1007.51 1007.46 1007.425 1007.395 1007.38 1007.365 1007.345 1007.345 1007.345 1007.345 1007.345 1007.345 1007.34 1007.335 1007.335 1007.35 1007.37 1007.385 1007.4 1007.415 1007.445 1007.465 1007.49 1007.51 1007.53 1007.555 1007.58 1007.6 1007.615 1007.635 1007.645 1007.66 1007.67 1007.675 1007.69 1007.69 1007.7 1007.71 1007.71 1007.72 1007.73 1007.73 1007.74 1007.75 1007.75 1007.75 1007.745 1007.745 1007.745 1007.745 1007.745 1007.74 1007.725 1007.715 1007.715 1007.715 1007.715 1007.715 1007.705 1007.69 1007.685
-9999 -9999 1007.365 1007.275 1007.2 1007.15 1007.11 1007.075 1007.055 1007.035 1007.015 1007.015 1007.015 1007.015 1007.015 1007.015 1007.01 1007.005 1007.005 1007.025 1007.045 1007.065 1007.085 1007.1 1007.13 1007.155 1007.185 1007.21 1007.235 1007.26 1007.285 1007.305 1007.325 1007.345 1007.36 1007.375 1007.38 1007.395 1007.41 1007.41 1007.425 1007.435 1007.435 1007.445 1007.455 1007.455 1007.465 1007.475 1007.475 1007.475 1007.475 1007.475 1007.475 1007.475 1007.475 1007.47 1007.455 1007.44 1007.44 1007.44 1007.44 1007.435 1007.425 1007.415 1007.41
-9999 -9999 1007.045 1006.965 1006.89 1006.83 1006.79 1006.755 1006.735 1006.715 1006.69 1006.685 1006.685 1006.685 1006.685 1006.685 1006.685 1006.68 1006.68 1006.7 1006.715 1006.74 1006.765 1006.78 1006.815 1006.85 1006.88 1006.91 1006.935 1006.96 1006.99 1007.015 1007.03 1007.05 1007.075 1007.09 1007.1 1007.115 1007.13 1007.13 1007.15 1007.155 1007.16 1007.175 1007.185 1007.18 1007.195 1007.205 1007.205 1007.205 1007.205 1007.205 1007.205 1007.205 1007.195 1007.195 1007.175 1007.165 1007.165 1007.165 1007.165 1007.165 1007.15 1007.14 1007.13
-9999 -9999 1006.735 1006.655 1006.575 1006.515 1006.47 1006.435 1006.41 1006.385 1006.36 1006.355 1006.355 1006.355 1006.355 1006.355 1006.355 1006.355 1006.355 1006.375 1006.395 1006.415 1006.44 1006.47 1006.505 1006.54 1006.575 1006.605 1006.635 1006.665 1006.7 1006.725 1006.74 1006.765 1006.79 1006.805 1006.815 1006.83 1006.845 1006.855 1006.87 1006.88 1006.885 1006.9 1006.91 1006.91 1006.925 1006.935 1006.935 1006.935 1006.935 1006.93 1006.93 1006.93 1006.925 1006.92 1006.905 1006.89 1006.89 1006.89 1006.89 1006.885 1006.875 1006.86 1006.85
-9999 1006.505 1006.425 1006.345 1006.265 1006.205 1006.16 1006.12 1006.09 1006.065 1006.035 1006.025 1006.025 1006.025 1006.025 1006.025 1006.025 1006.025 1006.025 1006.05 1006.075 1006.095 1006.125 1006.155 1006.19 1006.23 1006.275 1006.305 1006.335 1006.365 1006.4 1006.435 1006.455 1006.48 1006.5 1006.52 1006.53 1006.545 1006.565 1006.575 1006.59 1006.6 1006.61 1006.625 1006.635 1006.64 1006.655 1006.665 1006.665 1006.665 1006.665 1006.66 1006.655 1006.655 1006.655 1006.65 1006.63 1006.615 1006.615 1006.615 1006.615 1006.615 1006.605 1006.585 1006.575
-9999 1006.195 1006.115 1006.035 1005.955 1005.89 1005.84 1005.8 1005.765 1005.735 1005.705 1005.695 1005.695 1005.695 1005.695 1005.695 1005.695 1005.695 1005.7 1005.725 1005.75 1005.775 1005.81 1005.845 1005.88 1005.92 1005.97 1006.005 1006.04 1006.07 1006.105 1006.14 1006.165 1006.195 1006.22 1006.24 1006.25 1006.265 1006.285 1006.295 1006.31 1006.32 1006.33 1006.35 1006.36 1006.365 1006.385 1006.395 1006.39 1006.39 1006.385 1006.385 1006.385 1006.385 1006.385 1006.38 1006.36 1006.34 1006.34 1006.34 1006.34 1006.34 1006.33 1006.31 1006.3
-9999 1005.88 1005.805 1005.725 1005.645 1005.58 1005.53 1005.485 1005.445 1005.415 1005.38 1005.365 1005.365 1005.365 1005.365 1005.365 1005.365 1005.365 1005.375 1005.4 1005.43 1005.455 1005.495 1005.535 1005.57 1005.61 1005.665 1005.71 1005.745 1005.78 1005.815 1005.85 1005.875 1005.905 1005.935 1005.955 1005.965 1005.985 1006 1006.01 1006.035 1006.045 1006.055 1006.075 1006.085 1006.09 1006.11 1006.12 1006.115 1006.115 1006.115 1006.115 1006.115 1006.115 1006.115 1006.11 1006.09 1006.07 1006.065 1006.065 1006.065 1006.065 1006.055 1006.035 1006.02
1005.66 1005.565 1005.49 1005.415 1005.335 1005.27 1005.215 1005.165 1005.12 1005.085 1005.07 1005.055 1005.035 1005.035 1005.035 1005.035 1005.035 1005.05 1005.06 1005.075 1005.105 1005.135 1005.175 1005.22 1005.265 1005.31 1005.36 1005.405 1005.45 1005.485 1005.525 1005.56 1005.59 1005.62 1005.645 1005.67 1005.685 1005.705 1005.72 1005.735 1005.76 1005.77 1005.78 1005.8 1005.81 1005.815 1005.835 1005.845 1005.845 1005.845 1005.845 1005.845 1005.845 1005.845 1005.845 1005.835 1005.815 1005.795 1005.79 1005.79 1005.79 1005.79 1005.78 1005.755 1005.74
1005.345 1005.255 1005.18 1005.1 1005.025 1004.97 1004.91 1004.85 1004.805 1004.765 1004.735 1004.705 1004.675 1004.68 1004.68 1004.68 1004.68 1004.695 1004.72 1004.745 1004.785 1004.815 1004.87 1004.92 1004.97 1005.025 1005.065 1005.105 1005.15 1005.185 1005.23 1005.27 1005.3 1005.33 1005.36 1005.385 1005.4 1005.425 1005.44 1005.455 1005.48 1005.49 1005.5 1005.525 1005.535 1005.545 1005.565 1005.575 1005.575 1005.575 1005.575 1005.575 1005.575 1005.57 1005.565 1005.56 1005.545 1005.52 1005.515 1005.515 1005.515 1005.515 1005.505 1005.48 1005.465
1005.03 1004.94 1004.86 1004.755 1004.67 1004.61 1004.55 1004.49 1004.445 1004.39 1004.35 1004.31 1004.295 1004.3 1004.3 1004.3 1004.3 1004.33 1004.365 1004.395 1004.435 1004.48 1004.535 1004.59 1004.645 1004.69 1004.755 1004.795 1004.845 1004.885 1004.95 1005 1005.03 1005.045 1005.075 1005.1 1005.12 1005.145 1005.16 1005.175 1005.2 1005.21 1005.225 1005.25 1005.26 1005.27 1005.295 1005.305 1005.305 1005.305 1005.305 1005.3 1005.295 1005.295 1005.295 1005.29 1005.27 1005.25 1005.245 1005.24 1005.24 1005.24 1005.235 1005.21 1005.19
1004.68 1004.555 1004.465 1004.36 1004.27 1004.19 1004.135 1004.08 1004.04 1003.99 1003.955 1003.93 1003.915 1003.925 1003.925 1003.92 1003.925 1003.96 1003.995 1004.02 1004.06 1004.105 1004.15 1004.2 1004.25 1004.31 1004.365 1004.43 1004.48 1004.525 1004.59 1004.63 1004.655 1004.715 1004.745 1004.77 1004.79 1004.815 1004.86 1004.875 1004.87 1004.88 1004.94 1004.965 1004.995 1005.01 1005.025 1005.035 1005.035 1005.035 1005.035 1005.03 1005.025 1005.025 1005.025 1005.02 1005.005 1004.985 1004.92 1004.915 1004.91 1004.91 1004.905 1004.88 1004.88
1004.195 1004.08 1003.995 1003.915 1003.835 1003.76 1003.71 1003.67 1003.64 1003.59 1003.56 1003.54 1003.54 1003.55 1003.545 1003.545 1003.555 1003.59 1003.62 1003.645 1003.685 1003.72 1003.765 1003.815 1003.86 1003.915 1003.96 1004.015 1004.055 1004.09 1004.135 1004.17 1004.2 1004.26 1004.28 1004.305 1004.34 1004.34 1004.37 1004.415 1004.395 1004.445 1004.485 1004.475 1004.49 1004.55 1004.53 1004.52 1004.5 1004.495 1004.455 1004.445 1004.415 1004.39 1004.355 1004.35 1004.3 1004.27 1004.16 1004.105 1004.05 1004.05 1004.045 1003.985 1003.855
1004.115 1003.6 1003.53 1003.48 1003.4 1003.335 1003.295 1003.265 1003.235 1003.19 1003.165 1003.15 1003.16 1003.17 1003.17 1003.17 1003.18 1003.215 1003.24 1003.265 1003.305 1003.335 1003.38 1003.42 1003.47 1003.515 1003.545 1003.595 1003.62 1003.65 1003.675 1003.7 1003.72 1003.75 1003.77 1003.79 1003.815 1003.775 1003.805 1003.815 1003.795 1003.825 1003.815 1003.79 1003.8 1003.825 1003.755 1003.725 1003.66 1003.62 1003.555 1003.46 1003.405 1003.305 1003.27 1003.16 1003.105 1003.015 1002.905 1002.77 1002.715 1002.715 1002.63 1002.57 1002.515
1004.12 1003.11 1003.06 1003.01 1002.975 1002.915 1002.88 1002.855 1002.83 1002.795 1002.77 1002.775 1002.785 1002.79 1002.79 1002.79 1002.805 1002.84 1002.86 1002.885 1002.925 1002.955 1002.98 1003.02 1003.075 1003.12 1003.14 1003.17 1003.185 1003.205 1003.23 1003.22 1003.24 1003.255 1003.255 1003.27 1003.28 1003.23 1003.225 1003.235 1003.195 1003.205 1003.16 1003.105 1003.08 1003.07 1002.995 1002.9 1002.835 1002.705 1002.61 1002.465 1002.35 1002.215 1002.145 1002 1001.94 1001.85 1001.795 1001.66 1001.645 1001.64 1001.69 1001.575 1001.415
1004.12 1002.63 1002.58 1002.555 1002.52 1002.475 1002.455 1002.435 1002.415 1002.39 1002.375 1002.38 1002.405 1002.41 1002.41 1002.41 1002.43 1002.47 1002.485 1002.505 1002.545 1002.57 1002.59 1002.63 1002.68 1002.715 1002.73 1002.75 1002.745 1002.765 1002.775 1002.755 1002.755 1002.755 1002.745 1002.745 1002.74 1002.67 1002.665 1002.64 1002.595 1002.585 1002.505 1002.425 1002.365 1002.325 1002.205 1002.11 1001.965 1001.835 1001.69 1001.66 1001.49 1001.38 1001.27 1001.345 1001.285 1001.23 1001.175 1001.095 1001.18 1001.285 1001.335 1001.11 1001.1
1003.695 1002.205 1002.11 1002.085 1002.075 1002.045 1002.035 1002.02 1002.01 1001.995 1001.98 1002 1002.025 1002.03 1002.03 1002.03 1002.05 1002.09 1002.105 1002.13 1002.17 1002.195 1002.2 1002.235 1002.285 1002.315 1002.32 1002.32 1002.31 1002.315 1002.325 1002.29 1002.28 1002.26 1002.235 1002.22 1002.2 1002.125 1002.085 1002.06 1002 1001.965 1001.86 1001.76 1001.675 1001.595 1001.51 1001.54 1001.395 1001.355 1001.205 1001.205 1001.27 1001.1 1000.99 1001.125 1001.115 1001.06 1001.02 1000.94 1000.94 1001.15 1001.155 1001.005 1001.025
1004.185 1001.705 1001.61 1001.67 1001.66 1001.625 1001.63 1001.625 1001.595 1001.585 1001.61 1001.63 1001.65 1001.655 1001.655 1001.655 1001.68 1001.715 1001.73 1001.755 1001.795 1001.81 1001.815 1001.845 1001.885 1001.905 1001.91 1001.9 1001.865 1001.87 1001.865 1001.83 1001.805 1001.765 1001.725 1001.69 1001.65 1001.57 1001.53 1001.665 1001.605 1001.44 1001.29 1001.195 1001.245 1001.17 1001.155 1001.185 1001.16 1001.12 1000.98 1001.1 1001.02 1000.895 1000.9 1000.965 1000.955 1000.865 1000.825 1000.865 1000.865 1001.06 1000.965 1000.825 1000.905
1004.675 1002.195 1001.2 1001.24 1001.285 1001.3 1001.245 1001.185 1001.185 1001.31 1001.38 1001.36 1001.245 1001.3 1001.375 1001.305 1001.34 1001.415 1001.46 1001.475 1001.46 1001.38 1001.425 1001.51 1001.415 1001.47 1001.545 1001.46 1001.51 1001.42 1001.405 1001.44 1001.475 1001.34 1001.195 1001.255 1001.32 1001.18 1001.05 1001.195 1001.19 1000.995 1000.92 1001.035 1001.015 1000.9 1000.89 1000.87 1000.84 1000.74 1000.66 1000.805 1000.83 1000.8 1000.81 1000.865 1000.88 1000.72 1000.67 1000.765 1000.82 1000.715 1000.69 1000.84 1000.875
1005.17 1002.155 1001.14 1001.025 1001.085 1001.04 1000.92 1000.89 1000.975 1001.145 1001.16 1001.005 1001.015 1001.07 1001.075 1001.015 1001.09 1001.225 1001.26 1001.12 1001.01 1000.95 1001.06 1001.01 1001.01 1001.135 1001.19 1001.19 1001.18 1001.08 1001 1001.195 1001.135 1000.945 1000.895 1000.945 1000.95 1000.95 1000.83 1000.71 1000.84 1000.72 1000.78 1000.825 1000.715 1000.605 1000.665 1000.64 1000.55 1000.55 1000.495 1000.66 1000.78 1000.77 1000.77 1000.72 1000.665 1000.705 1000.71 1000.635 1000.59 1000.555 1000.67 1000.775 1000.69
1005.66 1002.645 1000.995 1000.88 1000.825 1000.77 1000.89 1000.86 1000.82 1000.795 1000.775 1000.75 1000.76 1000.755 1000.74 1000.73 1000.695 1000.88 1000.94 1000.8 1000.8 1000.74 1000.65 1000.76 1000.805 1000.885 1000.935 1000.785 1000.73 1000.695 1000.615 1000.775 1000.82 1000.66 1000.635 1000.575 1000.485 1000.575 1000.685 1000.565 1000.435 1000.575 1000.65 1000.465 1000.475 1000.53 1000.57 1000.43 1000.34 1000.42 1000.44 1000.495 1000.6 1000.49 1000.495 1000.47 1000.49 1000.53 1000.61 1000.535 1000.565 1000.615 1000.57 1000.515 1000.485
-9999 1002.62 1000.895 1000.725 1000.575 1000.56 1000.775 1000.74 1000.565 1000.505 1000.56 1000.45 1000.435 1000.435 1000.445 1000.41 1000.45 1000.615 1000.65 1000.485 1000.5 1000.43 1000.515 1000.505 1000.5 1000.67 1000.62 1000.48 1000.41 1000.305 1000.405 1000.56 1000.445 1000.33 1000.42 1000.29 1000.22 1000.355 1000.425 1000.365 1000.205 1000.325 1000.35 1000.275 1000.244 1000.355 1000.36 1000.2 1000.27 1000.31 1000.32 1000.37 1000.39 1000.315 1000.27 1000.35 1000.36 1000.465 1000.53 1000.455 1000.45 1000.54 1000.545 1000.405 1000.57
-9999 1002.96 1001.02 1000.415 1000.325 1000.495 1000.61 1000.44 1000.31 1000.425 1000.56 1000.44 1000.405 1000.405 1000.385 1000.355 1000.375 1000.375 1000.375 1000.295 1000.29 1000.355 1000.34 1000.375 1000.21 1000.28 1000.265 1000.21 1000.325 1000.245 1000.109 1000.144 1000.08 1000.245 1000.265 1000.113 1000.028 1000.135 1000.23 1000.126 1000.016 1000.19 1000.16 1000.044 1000.014 1000.185 1000.305 1000.17 1000.05 1000.17 1000.17 1000.31 1000.365 1000.2 1000.23 1000.24 1000.2 1000.395 1000.41 1000.35 1000.38 1000.41 1000.54 1000.495 1000.44
