sfe_tbs_M1_024_vv3/sfe_tbs_M1_024_vv3/sfe_tbs_m1_024_vv3.asc
ncols         189
nrows         67
xllcorner     95.300000000745
yllcorner     67.89999999851
cellsize      1
NODATA_value  -9999
[rows 29 to 57 of 67, columns 0 to 64 of 189]
-9999 1003.455 1001.44 1000.835 1000.185 1000.35 1000.445 1000.29 1000.195 1000.315 1000.36 1000.45 1000.415 1000.28 1000.29 1000.39 1000.275 1000.111 1000.151 1000.12 1000.088 1000.153 1000.24 1000.21 1000.092 999.977 999.964 999.994 1000.19 1000.07 999.9345 999.9091 999.9301 999.941 999.991 999.927 999.912 999.981 999.9755 999.872 999.963 1000.081 1000.019 999.88 999.961 1000.115 1000.075 1000.165 1000.045 999.969 1000.004 1000.21 1000.29 1000.175 1000.11 1000.14 1000.2 1000.395 1000.36 1000.3 1000.285 1000.35 1000.455 1000.475 1000.32
-9999 1003.865 1001.85 1000.805 1000.23 1000.29 1000.175 1000.21 1000.31 1000.26 1000.099 1000.19 1000.265 1000.104 1000.094 1000.17 1000.13 1000.069 999.989 1000.07 1000.037 999.9976 999.922 999.927 999.9015 999.886 999.8555 999.926 1000.018 999.899 999.879 999.84 999.8385 999.8135 999.813 999.824 999.7625 999.8515 999.846 999.8466 999.869 999.7935 999.7255 999.913 999.994 999.8735 999.8355 999.926 1000.06 999.97 1000.01 1000.09 1000.18 1000.125 1000.125 1000.07 1000.13 1000.175 1000.14 1000.315 1000.37 1000.345 1000.32 1000.26 1000.335
-9999 1004.345 1002.09 1001.045 1000.2 1000.275 1000.24 1000.17 1000.185 1000.22 1000.045 1000.109 1000.185 1000.018 999.9335 1000.006 1000.075 1000.007 999.982 999.9745 1000.037 999.997 999.947 999.803 999.716 999.7905 999.763 999.7965 999.7895 999.84 999.82 999.789 999.731 999.685 999.74 999.7575 999.763 999.7665 999.765 999.7655 999.7825 999.6505 999.648 999.8195 999.8435 999.712 999.806 999.726 999.86 1000.055 999.983 999.888 999.99 1000.14 1000.135 999.9805 1000.005 1000.05 1000.09 1000.265 1000.285 1000.285 1000.285 1000.195 1000.37
-9999 1004.825 1002.385 1001.445 1000.6 1000.114 1000.063 1000.038 1000.06 1000.016 1000.031 1000.096 1000.104 999.9365 999.9075 999.885 999.885 999.835 999.7395 999.865 999.9275 999.815 999.765 999.681 999.6795 999.7275 999.84 999.7555 999.6195 999.67 999.637 999.606 999.5615 999.6515 999.735 999.585 999.5305 999.6835 999.682 999.679 999.696 999.7545 999.8635 999.802 999.824 999.885 999.8525 999.7725 999.769 999.964 999.985 999.9385 999.988 1000.055 1000.07 1000.035 1000.06 1000.145 1000.185 1000.225 1000.245 1000.24 1000.255 1000.31 1000.29
-9999 1005.315 1002.865 1001.56 1000.734 1000.031 999.9065 999.9325 999.9955 999.981 999.9666 1000.1 999.925 999.833 999.876 999.8485 999.712 999.692 999.715 999.8135 999.745 999.675 999.7615 999.634 999.537 999.715 999.8215 999.753 999.643 999.61 999.607 999.584 999.6235 999.7035 999.6225 999.526 999.4705 999.616 999.6305 999.658 999.7495 999.8315 999.8485 999.874 999.898 999.9405 999.9195 999.7675 999.804 1000.023 999.9835 999.9525 999.9935 1000.025 1000.051 1000.03 1000.018 1000.15 1000.255 1000.275 1000.18 1000.23 1000.25 1000.29 1000.245
-9999 1005.81 1003.165 1001.95 1000.85 1000.073 1000.093 1000.16 1000.1 1000.055 1000.055 1000.006 1000.016 1000.036 1000.073 999.9275 999.821 999.795 999.791 999.809 999.783 999.7465 999.8745 999.6515 999.5435 999.7155 999.6745 999.632 999.5775 999.5745 999.7135 999.5625 999.592 999.6205 999.593 999.619 999.556 999.6 999.645 999.6895 999.699 999.689 999.725 999.7525 999.755 999.809 999.911 999.799 999.7435 999.88 999.8565 1000.049 1000.055 1000.03 1000.07 1000.035 1000.07 1000.23 1000.315 1000.225 1000.22 1000.275 1000.26 1000.275 1000.29
-9999 1006.3 1003.28 1002.065 1000.985 1000.165 1000.17 1000.2 1000.175 1000.105 1000.08 1000.155 1000.165 1000.15 1000.095 1000.08 1000.055 999.8645 999.741 999.842 999.9 999.8635 999.841 999.7275 999.691 999.7645 999.735 999.6055 999.5495 999.532 999.671 999.707 999.558 999.5195 999.67 999.735 999.7775 999.739 999.668 999.7125 999.783 999.678 999.701 999.757 999.772 999.8005 999.748 999.901 999.8455 999.9235 1000.028 1000.073 1000.17 1000.06 1000.056 1000.06 1000.09 1000.25 1000.355 1000.265 1000.275 1000.34 1000.285 1000.295 1000.31
-9999 1006.79 1003.775 1002.255 1001.25 1000.155 1000.195 1000.23 1000.21 1000.105 1000.095 1000.13 1000.125 1000.08 1000.031 1000.06 1000.055 999.9095 999.8105 999.987 999.989 999.8515 999.8455 999.834 999.7925 999.772 999.78 999.7885 999.6689 999.79 999.8085 999.665 999.636 999.7215 999.757 999.6885 999.7314 999.705 999.705 999.853 999.907 999.7655 999.7585 999.825 999.833 999.7745 999.7795 999.8805 999.9165 1000.028 1000.085 1000.088 1000.115 1000.051 1000.06 1000.14 1000.18 1000.275 1000.295 1000.24 1000.29 1000.285 1000.275 1000.39 1000.39
-9999 -9999 1004.075 1002.52 1001.305 1000.365 1000.27 1000.31 1000.23 1000.13 1000.18 1000.22 1000.195 1000.131 1000.055 1000.16 1000.2 1000.05 999.987 1000.017 999.931 1000.006 999.9926 999.9225 999.839 999.856 999.9245 999.901 999.901 999.946 999.84 999.7635 999.9035 999.792 999.694 999.847 999.8985 999.699 999.7255 999.96 1000.021 999.8485 999.8435 999.903 999.8655 999.836 999.8525 999.9655 1000.057 1000.115 1000.003 1000.062 1000.135 1000.19 1000.255 1000.37 1000.33 1000.17 1000.12 1000.19 1000.35 1000.385 1000.41 1000.505 1000.435
-9999 -9999 1004.375 1002.82 1001.7 1000.66 1000.425 1000.375 1000.43 1000.375 1000.39 1000.34 1000.315 1000.255 1000.235 1000.25 1000.23 1000.18 1000.155 1000.06 1000.14 1000.215 1000.235 1000.013 999.893 1000.06 1000.049 1000.004 1000.02 1000.008 999.902 999.989 1000 999.9351 999.916 999.981 1000.052 999.8905 999.8705 1000.105 1000.145 1000.023 1000.053 999.981 999.8735 1000.047 1000.104 1000.139 1000.23 1000.095 1000.12 1000.135 1000.105 1000.265 1000.3 1000.41 1000.44 1000.28 1000.34 1000.41 1000.265 1000.355 1000.395 1000.395 1000.415
-9999 -9999 1004.865 1003.095 1001.975 1000.86 1000.63 1000.55 1000.48 1000.495 1000.46 1000.41 1000.48 1000.465 1000.345 1000.27 1000.33 1000.46 1000.32 1000.23 1000.31 1000.395 1000.455 1000.216 1000.121 1000.22 1000.195 1000.125 1000.195 1000.183 1000.173 1000.075 1000.13 1000.16 1000.062 1000.031 1000.12 1000.25 1000.23 1000.23 1000.3 1000.17 1000.19 1000.144 1000.064 1000.215 1000.315 1000.35 1000.34 1000.265 1000.185 1000.18 1000.275 1000.385 1000.415 1000.385 1000.415 1000.55 1000.61 1000.445 1000.42 1000.34 1000.365 1000.47 1000.57
-9999 -9999 1005.21 1003.44 1002.255 1001.095 1000.72 1000.66 1000.735 1000.675 1000.67 1000.715 1000.785 1000.69 1000.66 1000.575 1000.51 1000.615 1000.595 1000.62 1000.45 1000.535 1000.615 1000.445 1000.515 1000.5 1000.365 1000.485 1000.54 1000.475 1000.465 1000.4 1000.315 1000.435 1000.425 1000.365 1000.37 1000.44 1000.335 1000.335 1000.435 1000.315 1000.245 1000.305 1000.45 1000.475 1000.51 1000.4 1000.39 1000.39 1000.4 1000.405 1000.445 1000.425 1000.445 1000.425 1000.435 1000.57 1000.675 1000.51 1000.55 1000.555 1000.49 1000.655 1000.665
-9999 -9999 1005.625 1003.715 1002.53 1001.3 1000.98 1000.87 1000.8 1000.895 1000.905 1000.95 1000.94 1000.845 1000.99 1000.94 1000.805 1000.72 1000.85 1000.96 1000.79 1000.655 1000.735 1000.74 1000.82 1000.855 1000.755 1000.77 1000.81 1000.745 1000.735 1000.67 1000.71 1000.73 1000.68 1000.745 1000.69 1000.62 1000.515 1000.415 1000.515 1000.49 1000.535 1000.54 1000.545 1000.685 1000.605 1000.495 1000.505 1000.505 1000.595 1000.69 1000.59 1000.5 1000.52 1000.475 1000.485 1000.595 1000.7 1000.585 1000.625 1000.695 1000.76 1000.74 1000.67
-9999 -9999 1005.98 1004.055 1002.81 1001.61 1001.305 1001.065 1001.05 1001.11 1001.135 1001.13 1001.12 1001.135 1001.195 1001.095 1001.07 1001.18 1001.155 1001.135 1001.13 1001.12 1001.135 1001.175 1001.2 1001.03 1000.945 1001.11 1001.135 1001.03 1001.02 1000.955 1000.9 1000.865 1000.855 1000.985 1000.985 1000.795 1000.74 1000.825 1000.815 1000.88 1000.925 1000.76 1000.705 1000.69 1000.66 1000.805 1000.825 1000.79 1000.775 1000.715 1000.735 1000.745 1000.75 1000.73 1000.73 1000.89 1000.9 1000.695 1000.69 1000.885 1000.935 1000.73 1000.725
-9999 -9999 1006.45 1004.33 1003.095 1001.91 1001.505 1001.32 1001.35 1001.425 1001.43 1001.425 1001.425 1001.35 1001.36 1001.38 1001.55 1001.57 1001.415 1001.42 1001.54 1001.535 1001.51 1001.495 1001.465 1001.31 1001.305 1001.455 1001.425 1001.32 1001.32 1001.325 1001.215 1001.2 1001.255 1001.235 1001.115 1001 1001.13 1001.2 1001.095 1001.16 1001.195 1000.97 1000.865 1000.9 1000.96 1001.115 1001.09 1000.945 1000.775 1000.84 1000.96 1000.895 1000.925 1001.005 1001.055 1001.015 1000.935 1000.955 1000.82 1001 1001.01 1000.87 1000.925
-9999 -9999 1006.94 1004.745 1003.37 1002.205 1001.835 1001.665 1001.685 1001.7 1001.705 1001.715 1001.715 1001.72 1001.75 1001.77 1001.765 1001.78 1001.81 1001.81 1001.8 1001.795 1001.785 1001.76 1001.73 1001.715 1001.71 1001.7 1001.665 1001.645 1001.645 1001.625 1001.595 1001.58 1001.565 1001.535 1001.48 1001.395 1001.37 1001.44 1001.41 1001.47 1001.44 1001.185 1001.15 1001.305 1001.3 1001.2 1001.175 1001.15 1001.06 1001.165 1001.235 1001.07 1001.065 1001.075 1001.06 1001.02 1001.02 1001.04 1001.065 1001.08 1001.085 1001.165 1001.21
-9999 -9999 1007.43 1005.125 1003.65 1002.51 1002.135 1002 1002 1002.025 1002.04 1002.045 1002.055 1002.065 1002.09 1002.11 1002.105 1002.115 1002.135 1002.13 1002.12 1002.105 1002.095 1002.06 1002.03 1002.015 1002.01 1001.99 1001.955 1001.94 1001.93 1001.91 1001.88 1001.87 1001.84 1001.81 1001.79 1001.76 1001.735 1001.7 1001.675 1001.65 1001.62 1001.585 1001.555 1001.555 1001.48 1001.425 1001.44 1001.375 1001.465 1001.45 1001.375 1001.265 1001.255 1001.225 1001.225 1001.17 1001.165 1001.21 1001.19 1001.235 1001.24 1001.31 1001.28
-9999 -9999 -9999 1005.4 1003.94 1002.825 1002.485 1002.33 1002.32 1002.355 1002.375 1002.385 1002.405 1002.41 1002.43 1002.45 1002.44 1002.445 1002.46 1002.45 1002.435 1002.415 1002.4 1002.36 1002.33 1002.315 1002.3 1002.28 1002.25 1002.23 1002.22 1002.195 1002.17 1002.155 1002.125 1002.095 1002.075 1002.05 1002.02 1001.99 1001.965 1001.94 1001.91 1001.88 1001.85 1001.815 1001.78 1001.755 1001.735 1001.705 1001.675 1001.65 1001.63 1001.605 1001.58 1001.57 1001.55 1001.53 1001.495 1001.475 1001.455 1001.49 1001.49 1001.49 1001.49
-9999 -9999 -9999 1005.89 1004.265 1003.135 1002.81 1002.665 1002.64 1002.675 1002.695 1002.72 1002.74 1002.75 1002.77 1002.79 1002.78 1002.78 1002.785 1002.775 1002.745 1002.725 1002.7 1002.66 1002.625 1002.61 1002.6 1002.575 1002.54 1002.52 1002.51 1002.48 1002.455 1002.44 1002.41 1002.385 1002.36 1002.335 1002.305 1002.275 1002.255 1002.23 1002.2 1002.17 1002.14 1002.11 1002.075 1002.055 1002.035 1002.005 1001.975 1001.955 1001.945 1001.92 1001.89 1001.885 1001.855 1001.835 1001.84 1001.82 1001.795 1001.78 1001.775 1001.775 1001.775
-9999 -9999 -9999 1006.165 1004.565 1003.445 1003.135 1003.005 1002.965 1002.995 1003.03 1003.055 1003.09 1003.1 1003.115 1003.13 1003.12 1003.115 1003.115 1003.09 1003.06 1003.03 1003.01 1002.965 1002.925 1002.91 1002.895 1002.865 1002.83 1002.81 1002.795 1002.765 1002.745 1002.73 1002.7 1002.67 1002.645 1002.625 1002.595 1002.565 1002.545 1002.515 1002.485 1002.46 1002.43 1002.4 1002.37 1002.35 1002.335 1002.305 1002.275 1002.255 1002.25 1002.235 1002.21 1002.2 1002.17 1002.155 1002.16 1002.15 1002.125 1002.11 1002.11 1002.11 1002.11
-9999 -9999 -9999 1006.655 1004.86 1003.76 1003.47 1003.36 1003.295 1003.31 1003.35 1003.395 1003.43 1003.45 1003.46 1003.47 1003.455 1003.445 1003.44 1003.41 1003.37 1003.34 1003.31 1003.265 1003.225 1003.205 1003.185 1003.155 1003.12 1003.1 1003.085 1003.055 1003.035 1003.015 1002.985 1002.96 1002.93 1002.91 1002.88 1002.85 1002.835 1002.805 1002.775 1002.755 1002.725 1002.695 1002.665 1002.65 1002.635 1002.605 1002.575 1002.56 1002.56 1002.545 1002.52 1002.515 1002.495 1002.48 1002.49 1002.48 1002.46 1002.45 1002.445 1002.445 1002.445
-9999 -9999 -9999 1006.935 1005.14 1004.07 1003.795 1003.71 1003.63 1003.63 1003.685 1003.73 1003.775 1003.795 1003.805 1003.81 1003.795 1003.78 1003.765 1003.715 1003.675 1003.64 1003.61 1003.57 1003.53 1003.505 1003.48 1003.445 1003.41 1003.39 1003.37 1003.34 1003.32 1003.3 1003.275 1003.245 1003.215 1003.195 1003.165 1003.14 1003.125 1003.095 1003.065 1003.045 1003.015 1002.985 1002.965 1002.95 1002.935 1002.905 1002.875 1002.865 1002.87 1002.86 1002.84 1002.83 1002.81 1002.8 1002.81 1002.805 1002.785 1002.78 1002.78 1002.78 1002.78
-9999 -9999 -9999 1007.315 1005.435 1004.38 1004.1 1004.06 1003.985 1003.96 1004.005 1004.06 1004.11 1004.145 1004.15 1004.155 1004.135 1004.115 1004.085 1004.035 1003.99 1003.95 1003.915 1003.87 1003.83 1003.8 1003.77 1003.735 1003.7 1003.68 1003.66 1003.625 1003.61 1003.585 1003.555 1003.53 1003.5 1003.48 1003.45 1003.43 1003.415 1003.385 1003.355 1003.335 1003.305 1003.285 1003.26 1003.25 1003.235 1003.205 1003.175 1003.165 1003.175 1003.17 1003.155 1003.145 1003.13 1003.12 1003.14 1003.135 1003.12 1003.115 1003.115 1003.115 1003.115
-9999 -9999 -9999 1007.5 1005.755 1004.695 1004.45 1004.415 1004.33 1004.295 1004.325 1004.385 1004.45 1004.495 1004.5 1004.495 1004.47 1004.435 1004.405 1004.35 1004.3 1004.255 1004.215 1004.17 1004.13 1004.095 1004.06 1004.025 1003.99 1003.97 1003.945 1003.915 1003.895 1003.87 1003.845 1003.815 1003.785 1003.765 1003.74 1003.72 1003.7 1003.67 1003.645 1003.625 1003.6 1003.575 1003.56 1003.55 1003.54 1003.505 1003.475 1003.47 1003.485 1003.485 1003.47 1003.46 1003.445 1003.445 1003.465 1003.47 1003.455 1003.45 1003.45 1003.45 1003.445
-9999 -9999 -9999 1007.72 1006.045 1005.06 1004.83 1004.765 1004.685 1004.635 1004.64 1004.715 1004.78 1004.8 1004.81 1004.805 1004.78 1004.76 1004.72 1004.67 1004.615 1004.57 1004.515 1004.47 1004.43 1004.395 1004.355 1004.315 1004.28 1004.255 1004.23 1004.205 1004.185 1004.155 1004.13 1004.105 1004.075 1004.055 1004.025 1004.005 1003.99 1003.96 1003.94 1003.925 1003.895 1003.87 1003.855 1003.85 1003.84 1003.81 1003.78 1003.775 1003.79 1003.8 1003.79 1003.78 1003.77 1003.77 1003.79 1003.795 1003.785 1003.785 1003.785 1003.785 1003.78
-9999 -9999 -9999 1008.075 1006.155 1005.41 1005.2 1005.115 1005.035 1004.965 1004.97 1005.02 1005.08 1005.125 1005.125 1005.125 1005.11 1005.085 1005.045 1004.975 1004.915 1004.86 1004.8 1004.745 1004.725 1004.69 1004.65 1004.605 1004.57 1004.545 1004.515 1004.49 1004.47 1004.44 1004.42 1004.39 1004.36 1004.34 1004.31 1004.295 1004.28 1004.25 1004.23 1004.215 1004.185 1004.16 1004.155 1004.15 1004.14 1004.11 1004.08 1004.08 1004.1 1004.11 1004.105 1004.095 1004.09 1004.09 1004.11 1004.125 1004.12 1004.12 1004.12 1004.12 1004.115
-9999 -9999 -9999 1008.56 1006.475 1005.75 1005.55 1005.465 1005.385 1005.315 1005.3 1005.355 1005.44 1005.485 1005.495 1005.49 1005.47 1005.435 1005.38 1005.315 1005.25 1005.185 1005.115 1005.09 1005.035 1005 1004.945 1004.9 1004.855 1004.83 1004.795 1004.77 1004.745 1004.725 1004.7 1004.675 1004.65 1004.625 1004.595 1004.585 1004.57 1004.54 1004.525 1004.51 1004.48 1004.46 1004.455 1004.45 1004.44 1004.41 1004.385 1004.39 1004.41 1004.425 1004.42 1004.415 1004.41 1004.41 1004.435 1004.46 1004.455 1004.455 1004.455 1004.45 1004.45
-9999 -9999 -9999 -9999 1006.8 1006.085 1005.905 1005.82 1005.74 1005.685 1005.685 1005.72 1005.805 1005.855 1005.865 1005.86 1005.84 1005.805 1005.755 1005.69 1005.635 1005.57 1005.515 1005.465 1005.415 1005.36 1005.305 1005.25 1005.21 1005.17 1005.135 1005.1 1005.085 1005.055 1005.035 1005.005 1004.98 1004.93 1004.925 1004.915 1004.87 1004.84 1004.81 1004.795 1004.78 1004.76 1004.76 1004.735 1004.725 1004.71 1004.685 1004.69 1004.72 1004.74 1004.735 1004.74 1004.74 1004.74 1004.74 1004.765 1004.81 1004.81 1004.805 1004.805 1004.805
-9999 -9999 -9999 -9999 1007.135 1006.425 1006.255 1006.17 1006.105 1006.07 1006.07 1006.105 1006.165 1006.22 1006.235 1006.23 1006.21 1006.175 1006.125 1006.075 1006.02 1005.965 1005.905 1005.86 1005.82 1005.765 1005.715 1005.67 1005.635 1005.595 1005.57 1005.53 1005.5 1005.475 1005.435 1005.41 1005.365 1005.335 1005.33 1005.295 1005.255 1005.245 1005.215 1005.17 1005.155 1005.155 1005.155 1005.13 1005.085 1005.085 1005.07 1005.07 1005.08 1005.11 1005.135 1005.145 1005.145 1005.145 1005.145 1005.17 1005.21 1005.225 1005.225 1005.225 1005.22
