sfe_tbs_M1_024_vv3/sfe_tbs_M1_024_vv3/sfe_tbs_m1_024_vv3.asc
ncols         189
nrows         67
xllcorner     95.300000000745
yllcorner     67.89999999851
cellsize      1
NODATA_value  -9999
[rows 29 to 57 of 67, columns 65 to 129 of 189]
1000.36 1000.33 1000.38 1000.455 1000.43 1000.37 1000.37 1000.42 1000.4 1000.475 1000.44 1000.37 1000.42 1000.385 1000.275 1000.28 1000.365 1000.355 1000.35 1000.425 1000.465 1000.4 1000.39 1000.325 1000.115 1000.205 1000.255 1000.21 1000.195 1000.25 1000.27 1000.24 1000.155 1000.1 1000.13 1000.031 1000.095 1000.125 1000.19 1000.215 1000.18 1000.25 1000.27 1000.16 999.96 999.945 1000.077 1000.056 999.9375 999.9575 1000.01 999.953 999.958 999.9405 999.8945 1000.052 1000.034 999.9146 999.799 999.828 1000.06 1000.1 999.957 999.873 999.8765
1000.375 1000.27 1000.32 1000.435 1000.385 1000.455 1000.36 1000.305 1000.405 1000.48 1000.36 1000.29 1000.36 1000.355 1000.325 1000.31 1000.32 1000.31 1000.305 1000.325 1000.365 1000.29 1000.275 1000.22 1000.135 1000.1 1000.255 1000.21 1000.205 1000.26 1000.165 1000.155 1000.077 1000.072 1000.076 1000.016 1000.08 1000.075 1000.14 1000.088 1000.037 1000.042 1000.065 1000.016 999.9985 999.9455 999.968 999.9465 1000.026 1000.05 999.8735 999.9015 999.922 999.886 999.934 999.883 999.8655 999.9196 999.8135 999.782 999.926 999.967 999.8905 999.867 999.7395
1000.36 1000.255 1000.17 1000.285 1000.48 1000.4 1000.355 1000.39 1000.445 1000.36 1000.24 1000.295 1000.365 1000.35 1000.33 1000.27 1000.275 1000.275 1000.32 1000.34 1000.325 1000.25 1000.044 1000.094 1000.205 1000.15 1000.2 1000.2 1000.195 1000.175 1000.08 1000.13 1000.09 1000.02 1000.05 1000.115 1000.065 1000.06 1000.05 999.9975 999.966 999.929 999.836 999.9255 1000.008 999.961 999.974 999.8975 999.9765 1000.012 999.85 999.846 999.9175 999.844 999.849 999.7775 999.7875 999.8416 999.927 999.8645 999.687 999.709 999.9145 999.9165 999.6885
1000.28 1000.345 1000.26 1000.22 1000.415 1000.435 1000.305 1000.315 1000.295 1000.21 1000.36 1000.415 1000.29 1000.275 1000.175 1000.155 1000.27 1000.29 1000.335 1000.255 1000.24 1000.3 1000.094 1000.048 1000.16 1000.145 1000.14 1000.14 1000.125 1000.105 1000.08 1000.13 999.968 999.9815 1000.067 1000.026 999.9765 1000.01 999.9995 999.939 999.9075 999.9135 999.8505 999.875 999.877 999.8665 999.853 999.7765 999.9515 999.987 999.8375 999.7895 999.7325 999.767 999.7885 999.783 999.793 999.6895 999.775 999.8035 999.707 999.667 999.8095 999.845 999.7495
1000.22 1000.335 1000.295 1000.365 1000.435 1000.355 1000.28 1000.24 1000.255 1000.28 1000.41 1000.24 1000.215 1000.24 1000.14 1000.265 1000.305 1000.22 1000.345 1000.245 1000.22 1000.195 1000.109 1000.12 1000.22 1000.105 1000.135 1000.195 1000.175 1000.14 1000.11 999.973 999.9385 999.872 1000.047 1000.042 999.9235 999.897 999.9475 999.949 999.9185 999.8185 999.81 999.838 999.794 999.813 999.7705 999.928 1000.01 999.936 999.807 999.716 999.6915 999.7755 999.7805 999.7725 999.7245 999.622 999.7435 999.868 999.7195 999.794 999.8285 999.641 999.6895
1000.315 1000.24 1000.31 1000.305 1000.375 1000.35 1000.355 1000.35 1000.325 1000.33 1000.31 1000.24 1000.345 1000.295 1000.34 1000.345 1000.28 1000.16 1000.265 1000.36 1000.25 1000.235 1000.16 1000.16 1000.112 1000.032 1000.175 1000.23 1000.16 1000.12 1000.07 1000.065 999.9505 999.8645 1000.074 1000.13 999.9525 999.865 999.9775 1000.011 999.8505 999.805 999.927 999.909 999.8565 999.8465 999.9055 999.97 999.9165 999.94 999.768 999.799 999.824 999.8525 999.855 999.821 999.774 999.6505 999.731 999.8035 999.7855 999.752 999.673 999.6295 999.776
1000.375 1000.3 1000.175 1000.17 1000.305 1000.39 1000.48 1000.485 1000.365 1000.355 1000.335 1000.36 1000.465 1000.375 1000.36 1000.425 1000.3 1000.3 1000.165 1000.26 1000.345 1000.33 1000.285 1000.13 1000.1 1000.185 1000.28 1000.255 1000.185 1000.095 1000.045 1000.095 999.9915 999.91 1000.078 999.9985 1000.16 1000.073 999.877 999.9105 999.9585 999.9695 999.997 999.9301 999.83 999.8445 999.955 1000 999.9465 999.8855 999.8305 999.8265 999.93 999.9825 999.9805 999.9805 999.813 999.6895 999.705 999.6535 999.6715 999.804 999.828 999.73 999.7855
1000.41 1000.455 1000.29 1000.25 1000.41 1000.42 1000.51 1000.54 1000.4 1000.39 1000.36 1000.355 1000.345 1000.29 1000.38 1000.41 1000.42 1000.37 1000.295 1000.275 1000.28 1000.265 1000.225 1000.19 1000.27 1000.27 1000.18 1000.155 1000.115 1000.09 1000.215 1000.25 1000.115 1000.083 1000.129 1000.085 1000.165 1000.175 999.9945 999.969 1000.097 1000.12 999.9685 999.955 1000.045 1000 1000.055 1000.075 999.8975 999.8545 999.949 999.9175 999.9625 999.9635 999.9185 999.9415 999.8575 999.805 999.868 999.874 999.891 999.8775 999.7725 999.7855 999.853
1000.44 1000.51 1000.355 1000.37 1000.52 1000.49 1000.535 1000.55 1000.445 1000.44 1000.43 1000.34 1000.285 1000.365 1000.39 1000.45 1000.45 1000.44 1000.33 1000.305 1000.305 1000.3 1000.305 1000.275 1000.305 1000.175 1000.16 1000.145 1000.135 1000.245 1000.275 1000.285 1000.265 1000.255 1000.235 1000.145 1000.215 1000.21 1000.073 1000.093 1000.17 1000.109 1000.023 1000.2 1000.2 1000.075 1000.19 1000.142 999.992 1000.019 1000.047 999.9771 999.9705 999.9655 999.9765 1000.042 999.9925 999.933 1000.021 1000.12 999.8885 999.746 999.9575 1000.088 999.874
1000.54 1000.61 1000.465 1000.48 1000.44 1000.445 1000.495 1000.485 1000.495 1000.49 1000.48 1000.475 1000.42 1000.46 1000.525 1000.435 1000.505 1000.51 1000.495 1000.47 1000.46 1000.455 1000.42 1000.36 1000.435 1000.405 1000.4 1000.435 1000.425 1000.345 1000.375 1000.315 1000.39 1000.43 1000.275 1000.24 1000.295 1000.29 1000.29 1000.31 1000.325 1000.28 1000.23 1000.32 1000.215 1000.13 1000.32 1000.305 1000.155 1000.145 1000.076 1000.126 1000.115 999.9905 1000.125 1000.155 1000.044 999.985 1000.171 1000.195 999.9485 999.88 1000.057 1000.115 999.9265
1000.695 1000.69 1000.545 1000.53 1000.415 1000.385 1000.4 1000.515 1000.61 1000.605 1000.6 1000.595 1000.6 1000.515 1000.59 1000.64 1000.61 1000.61 1000.595 1000.595 1000.585 1000.575 1000.56 1000.555 1000.595 1000.59 1000.645 1000.68 1000.615 1000.535 1000.49 1000.515 1000.515 1000.455 1000.405 1000.395 1000.45 1000.465 1000.465 1000.495 1000.35 1000.385 1000.475 1000.375 1000.32 1000.35 1000.295 1000.28 1000.285 1000.25 1000.21 1000.215 1000.275 1000.235 1000.23 1000.26 1000.15 1000.169 1000.29 1000.275 1000.105 1000.027 1000.042 1000.1 1000.205
1000.625 1000.62 1000.675 1000.66 1000.655 1000.59 1000.585 1000.615 1000.645 1000.66 1000.655 1000.615 1000.62 1000.65 1000.7 1000.66 1000.62 1000.64 1000.595 1000.595 1000.625 1000.615 1000.595 1000.545 1000.645 1000.635 1000.66 1000.69 1000.625 1000.705 1000.66 1000.54 1000.535 1000.57 1000.63 1000.685 1000.625 1000.64 1000.665 1000.695 1000.56 1000.495 1000.66 1000.7 1000.585 1000.585 1000.5 1000.54 1000.545 1000.56 1000.52 1000.41 1000.515 1000.56 1000.505 1000.455 1000.345 1000.365 1000.4 1000.365 1000.35 1000.28 1000.315 1000.335 1000.375
1000.63 1000.71 1000.765 1000.715 1000.71 1000.92 1000.71 1000.615 1000.825 1000.84 1000.66 1000.62 1000.63 1000.66 1000.76 1000.76 1000.68 1000.73 1000.685 1000.635 1000.665 1000.68 1000.66 1000.755 1000.805 1000.775 1000.705 1000.735 1000.735 1000.815 1000.87 1000.75 1000.69 1000.69 1000.865 1000.95 1000.89 1000.86 1000.885 1000.84 1000.705 1000.78 1000.935 1000.93 1000.82 1000.77 1000.785 1000.825 1000.885 1000.9 1000.775 1000.755 1000.8 1000.77 1000.69 1000.61 1000.5 1000.55 1000.585 1000.51 1000.61 1000.69 1000.655 1000.57 1000.505
1000.875 1000.875 1000.76 1000.745 1000.9 1000.96 1000.78 1000.73 1000.965 1000.98 1000.775 1000.775 1000.895 1000.885 1000.875 1000.855 1000.965 1000.98 1000.835 1000.8 1000.88 1000.87 1000.865 1000.875 1000.925 1000.925 1000.955 1000.985 1000.875 1000.86 1001.005 1001.005 1000.975 1000.94 1001.07 1001.115 1001.05 1001.03 1000.935 1000.96 1001.06 1001.035 1001.09 1001.1 1000.935 1000.92 1000.96 1000.985 1001.035 1000.985 1000.875 1000.835 1000.885 1000.88 1000.705 1000.66 1000.805 1000.81 1000.635 1000.595 1000.755 1000.795 1000.71 1000.69 1000.64
1000.995 1000.93 1000.85 1000.855 1000.93 1001.02 1000.94 1000.915 1001.005 1000.995 1000.96 1001.07 1001.17 1001.07 1001.04 1001.045 1001.12 1001.14 1001.01 1001.01 1001.065 1001.015 1000.975 1000.985 1001.01 1001.11 1001.185 1001.105 1001.045 1001.12 1001.235 1001.255 1001.19 1001.195 1001.285 1001.3 1001.245 1001.275 1001.25 1001.26 1001.405 1001.28 1001.285 1001.24 1001.245 1001.255 1001.255 1001.27 1001.225 1001.23 1001.1 1001.045 1001.12 1001.065 1000.925 1000.89 1000.99 1000.98 1000.855 1000.875 1000.945 1000.935 1000.885 1000.88 1000.845
1001.065 1001 1001.1 1001.105 1001.105 1001.165 1001.015 1001.02 1001.055 1001.24 1001.205 1001.05 1001.15 1001.275 1001.18 1001.125 1001.115 1001.11 1001.25 1001.25 1001.225 1001.175 1001.225 1001.25 1001.28 1001.3 1001.365 1001.395 1001.335 1001.37 1001.485 1001.515 1001.42 1001.44 1001.525 1001.55 1001.565 1001.595 1001.64 1001.65 1001.67 1001.675 1001.69 1001.695 1001.715 1001.72 1001.735 1001.755 1001.71 1001.685 1001.65 1001.635 1001.64 1001.585 1001.485 1001.43 1001.41 1001.4 1001.325 1001.3 1001.3 1001.35 1001.34 1001.335 1001.27
1001.165 1001.33 1001.315 1001.2 1001.255 1001.195 1001.1 1001.095 1001.245 1001.41 1001.34 1001.22 1001.31 1001.36 1001.33 1001.335 1001.26 1001.33 1001.43 1001.46 1001.43 1001.485 1001.515 1001.545 1001.58 1001.605 1001.635 1001.665 1001.69 1001.725 1001.76 1001.79 1001.825 1001.845 1001.88 1001.915 1001.935 1001.975 1002.025 1002.05 1002.075 1002.095 1002.125 1002.15 1002.175 1002.215 1002.255 1002.28 1002.255 1002.25 1002.255 1002.26 1002.24 1002.2 1002.185 1002.125 1002.14 1002.135 1002.065 1002.04 1002.04 1002.03 1001.995 1001.995 1001.99
1001.57 1001.57 1001.395 1001.39 1001.43 1001.425 1001.425 1001.45 1001.48 1001.535 1001.535 1001.52 1001.55 1001.57 1001.595 1001.62 1001.65 1001.68 1001.71 1001.735 1001.76 1001.8 1001.84 1001.87 1001.905 1001.935 1001.965 1002 1002.03 1002.065 1002.1 1002.135 1002.17 1002.2 1002.24 1002.285 1002.31 1002.36 1002.41 1002.455 1002.48 1002.515 1002.565 1002.595 1002.655 1002.71 1002.765 1002.8 1002.83 1002.835 1002.875 1002.935 1002.93 1002.96 1002.94 1002.95 1002.965 1002.965 1002.94 1002.955 1002.935 1002.9 1002.865 1002.865 1002.815
1001.775 1001.775 1001.775 1001.77 1001.77 1001.77 1001.765 1001.785 1001.81 1001.825 1001.825 1001.845 1001.875 1001.895 1001.925 1001.945 1001.97 1002.005 1002.035 1002.06 1002.08 1002.12 1002.16 1002.19 1002.225 1002.255 1002.29 1002.33 1002.36 1002.4 1002.435 1002.48 1002.525 1002.56 1002.605 1002.65 1002.685 1002.735 1002.8 1002.845 1002.89 1002.94 1003 1003.035 1003.115 1003.19 1003.25 1003.34 1003.37 1003.435 1003.495 1003.59 1003.62 1003.69 1003.705 1003.755 1003.795 1003.795 1003.855 1003.87 1003.825 1003.77 1003.735 1003.735 1003.685
1002.11 1002.105 1002.105 1002.105 1002.105 1002.1 1002.1 1002.115 1002.135 1002.15 1002.15 1002.17 1002.205 1002.22 1002.245 1002.265 1002.295 1002.325 1002.355 1002.38 1002.4 1002.44 1002.485 1002.52 1002.555 1002.585 1002.62 1002.66 1002.69 1002.73 1002.775 1002.82 1002.87 1002.91 1002.96 1003.02 1003.055 1003.11 1003.175 1003.24 1003.3 1003.365 1003.435 1003.485 1003.57 1003.655 1003.76 1003.85 1003.945 1004.025 1004.115 1004.245 1004.32 1004.395 1004.46 1004.485 1004.525 1004.54 1004.54 1004.6 1004.595 1004.515 1004.505 1004.505 1004.475
1002.445 1002.44 1002.44 1002.44 1002.435 1002.435 1002.435 1002.445 1002.465 1002.475 1002.475 1002.49 1002.525 1002.545 1002.565 1002.585 1002.615 1002.645 1002.675 1002.7 1002.725 1002.765 1002.805 1002.84 1002.875 1002.91 1002.95 1002.995 1003.025 1003.065 1003.11 1003.16 1003.21 1003.255 1003.31 1003.37 1003.43 1003.485 1003.555 1003.62 1003.695 1003.78 1003.865 1003.93 1004.025 1004.125 1004.24 1004.36 1004.455 1004.535 1004.66 1004.72 1004.845 1004.895 1004.93 1004.96 1004.985 1005 1005 1004.995 1004.995 1004.995 1004.98 1004.955 1004.925
1002.78 1002.775 1002.775 1002.775 1002.77 1002.77 1002.77 1002.78 1002.795 1002.805 1002.805 1002.82 1002.85 1002.87 1002.885 1002.91 1002.94 1002.965 1002.995 1003.025 1003.05 1003.085 1003.125 1003.165 1003.205 1003.24 1003.275 1003.32 1003.36 1003.4 1003.45 1003.5 1003.555 1003.605 1003.66 1003.74 1003.8 1003.86 1003.93 1004.01 1004.085 1004.175 1004.28 1004.37 1004.48 1004.59 1004.665 1004.785 1004.86 1004.94 1005 1005.055 1005.115 1005.16 1005.195 1005.225 1005.25 1005.265 1005.265 1005.265 1005.265 1005.265 1005.25 1005.22 1005.19
1003.11 1003.11 1003.11 1003.11 1003.105 1003.105 1003.105 1003.11 1003.125 1003.135 1003.135 1003.15 1003.175 1003.195 1003.21 1003.235 1003.26 1003.285 1003.32 1003.345 1003.37 1003.405 1003.45 1003.49 1003.53 1003.56 1003.6 1003.655 1003.695 1003.74 1003.785 1003.84 1003.9 1003.95 1004.015 1004.09 1004.16 1004.225 1004.305 1004.39 1004.475 1004.58 1004.67 1004.75 1004.85 1004.925 1005.005 1005.08 1005.15 1005.22 1005.27 1005.33 1005.385 1005.43 1005.465 1005.49 1005.51 1005.53 1005.535 1005.53 1005.53 1005.525 1005.515 1005.485 1005.46
1003.445 1003.445 1003.445 1003.445 1003.44 1003.44 1003.44 1003.445 1003.455 1003.465 1003.465 1003.475 1003.505 1003.525 1003.54 1003.555 1003.58 1003.61 1003.64 1003.665 1003.69 1003.73 1003.77 1003.81 1003.85 1003.885 1003.925 1003.98 1004.03 1004.07 1004.125 1004.175 1004.235 1004.305 1004.365 1004.44 1004.515 1004.59 1004.675 1004.735 1004.82 1004.91 1004.99 1005.06 1005.14 1005.22 1005.295 1005.365 1005.43 1005.495 1005.55 1005.6 1005.655 1005.7 1005.73 1005.755 1005.78 1005.795 1005.8 1005.795 1005.795 1005.795 1005.78 1005.755 1005.73
1003.78 1003.78 1003.775 1003.775 1003.775 1003.775 1003.775 1003.77 1003.785 1003.79 1003.79 1003.8 1003.83 1003.855 1003.865 1003.875 1003.905 1003.935 1003.96 1003.985 1004.015 1004.055 1004.095 1004.135 1004.175 1004.215 1004.255 1004.305 1004.355 1004.405 1004.46 1004.515 1004.58 1004.635 1004.7 1004.765 1004.845 1004.92 1005 1005.06 1005.13 1005.21 1005.28 1005.36 1005.44 1005.515 1005.585 1005.655 1005.72 1005.775 1005.83 1005.875 1005.92 1005.97 1006.005 1006.025 1006.045 1006.06 1006.065 1006.065 1006.06 1006.06 1006.05 1006.025 1006
1004.115 1004.115 1004.11 1004.11 1004.11 1004.11 1004.11 1004.105 1004.115 1004.115 1004.115 1004.125 1004.15 1004.18 1004.185 1004.195 1004.23 1004.255 1004.28 1004.31 1004.34 1004.375 1004.415 1004.455 1004.495 1004.54 1004.585 1004.635 1004.685 1004.71 1004.77 1004.83 1004.9 1004.96 1005.02 1005.09 1005.16 1005.245 1005.32 1005.39 1005.46 1005.53 1005.595 1005.66 1005.74 1005.81 1005.875 1005.94 1006.005 1006.055 1006.11 1006.155 1006.195 1006.245 1006.275 1006.295 1006.31 1006.33 1006.33 1006.325 1006.325 1006.325 1006.315 1006.29 1006.265
1004.45 1004.445 1004.445 1004.445 1004.445 1004.445 1004.445 1004.44 1004.44 1004.445 1004.445 1004.45 1004.475 1004.5 1004.51 1004.52 1004.55 1004.575 1004.605 1004.635 1004.66 1004.675 1004.715 1004.755 1004.81 1004.86 1004.915 1004.96 1005.02 1005.05 1005.11 1005.175 1005.25 1005.315 1005.38 1005.44 1005.515 1005.585 1005.655 1005.725 1005.79 1005.85 1005.905 1005.97 1006.04 1006.11 1006.165 1006.23 1006.285 1006.335 1006.39 1006.425 1006.465 1006.515 1006.545 1006.56 1006.58 1006.595 1006.595 1006.595 1006.59 1006.59 1006.58 1006.56 1006.535
1004.805 1004.8 1004.8 1004.8 1004.795 1004.795 1004.795 1004.795 1004.795 1004.795 1004.795 1004.795 1004.82 1004.845 1004.85 1004.865 1004.895 1004.9 1004.94 1004.97 1005.01 1005.025 1005.065 1005.115 1005.165 1005.225 1005.28 1005.33 1005.39 1005.435 1005.495 1005.56 1005.625 1005.685 1005.745 1005.805 1005.86 1005.93 1005.99 1006.06 1006.12 1006.175 1006.22 1006.285 1006.35 1006.405 1006.455 1006.52 1006.575 1006.615 1006.665 1006.7 1006.74 1006.78 1006.81 1006.825 1006.845 1006.86 1006.86 1006.86 1006.86 1006.855 1006.84 1006.825 1006.8
1005.22 1005.22 1005.22 1005.22 1005.22 1005.215 1005.215 1005.215 1005.21 1005.21 1005.21 1005.21 1005.21 1005.235 1005.275 1005.29 1005.29 1005.315 1005.355 1005.385 1005.425 1005.455 1005.49 1005.54 1005.58 1005.635 1005.69 1005.74 1005.785 1005.83 1005.88 1005.94 1006 1006.055 1006.115 1006.165 1006.22 1006.27 1006.33 1006.385 1006.45 1006.5 1006.54 1006.6 1006.66 1006.705 1006.75 1006.815 1006.855 1006.9 1006.95 1006.98 1007.015 1007.05 1007.075 1007.095 1007.115 1007.125 1007.13 1007.125 1007.125 1007.125 1007.11 1007.09 1007.075
