sfe_tbs_M1_024_vv3/sfe_tbs_M1_024_vv3/sfe_tbs_m1_024_vv3.asc
ncols         189
nrows         67
xllcorner     95.300000000745
yllcorner     67.89999999851
cellsize      1
NODATA_value  -9999
[rows 0 to 28 of 67, columns 65 to 129 of 189]
1009.63 1009.63 1009.625 1009.625 1009.625 1009.62 1009.625 1009.625 1009.625 1009.62 1009.62 1009.615 1009.615 1009.615 1009.61 1009.61 1009.605 1009.605 1009.6 1009.595 1009.595 1009.59 1009.585 1009.58 1009.575 1009.575 1009.57 1009.56 1009.555 1009.55 1009.545 1009.535 1009.535 1009.52 1009.52 1009.515 1009.5 1009.495 1009.49 1009.48 1009.475 1009.47 1009.46 1009.455 1009.45 1009.44 1009.435 1009.43 1009.43 1009.415 1009.415 1009.41 1009.41 1009.4 1009.395 1009.395 1009.395 1009.39 1009.39 1009.385 1009.38 1009.38 1009.38 1009.38 1009.385
1009.35 1009.35 1009.35 1009.35 1009.345 1009.35 1009.35 1009.35 1009.35 1009.345 1009.34 1009.34 1009.34 1009.335 1009.33 1009.325 1009.32 1009.315 1009.31 1009.305 1009.3 1009.29 1009.285 1009.27 1009.265 1009.26 1009.245 1009.235 1009.225 1009.22 1009.2 1009.19 1009.17 1009.155 1009.15 1009.13 1009.115 1009.1 1009.09 1009.065 1009.055 1009.05 1009.03 1009.02 1009 1008.99 1008.97 1008.965 1008.955 1008.945 1008.935 1008.93 1008.925 1008.91 1008.905 1008.905 1008.9 1008.89 1008.89 1008.885 1008.88 1008.88 1008.88 1008.885 1008.895
1009.07 1009.07 1009.07 1009.07 1009.07 1009.07 1009.075 1009.075 1009.075 1009.07 1009.065 1009.06 1009.06 1009.055 1009.05 1009.045 1009.04 1009.03 1009.02 1009.015 1009.005 1008.995 1008.985 1008.97 1008.955 1008.945 1008.935 1008.91 1008.9 1008.88 1008.86 1008.835 1008.815 1008.79 1008.785 1008.765 1008.725 1008.71 1008.69 1008.665 1008.64 1008.63 1008.605 1008.585 1008.56 1008.54 1008.515 1008.5 1008.49 1008.47 1008.46 1008.45 1008.44 1008.42 1008.415 1008.415 1008.4 1008.39 1008.39 1008.385 1008.38 1008.38 1008.38 1008.39 1008.405
1008.795 1008.79 1008.79 1008.79 1008.79 1008.795 1008.8 1008.8 1008.8 1008.795 1008.785 1008.78 1008.78 1008.775 1008.77 1008.76 1008.75 1008.745 1008.735 1008.725 1008.715 1008.7 1008.685 1008.67 1008.655 1008.645 1008.615 1008.59 1008.57 1008.55 1008.51 1008.49 1008.47 1008.43 1008.415 1008.39 1008.35 1008.31 1008.29 1008.26 1008.225 1008.21 1008.18 1008.15 1008.115 1008.09 1008.065 1008.05 1008.02 1008 1007.985 1007.97 1007.95 1007.925 1007.925 1007.92 1007.905 1007.89 1007.89 1007.885 1007.88 1007.88 1007.885 1007.9 1007.915
1008.52 1008.515 1008.515 1008.515 1008.51 1008.515 1008.525 1008.525 1008.525 1008.52 1008.51 1008.505 1008.505 1008.495 1008.49 1008.48 1008.47 1008.46 1008.445 1008.435 1008.42 1008.405 1008.39 1008.37 1008.35 1008.335 1008.3 1008.275 1008.255 1008.225 1008.185 1008.145 1008.125 1008.08 1008.055 1008.02 1007.965 1007.925 1007.895 1007.865 1007.82 1007.79 1007.75 1007.72 1007.675 1007.635 1007.61 1007.585 1007.555 1007.53 1007.51 1007.485 1007.46 1007.435 1007.435 1007.43 1007.405 1007.39 1007.39 1007.385 1007.38 1007.38 1007.39 1007.41 1007.425
1008.24 1008.24 1008.24 1008.24 1008.235 1008.245 1008.25 1008.25 1008.25 1008.245 1008.235 1008.23 1008.23 1008.22 1008.21 1008.195 1008.18 1008.17 1008.155 1008.145 1008.13 1008.105 1008.09 1008.07 1008.045 1008.02 1007.98 1007.955 1007.925 1007.895 1007.85 1007.81 1007.78 1007.73 1007.695 1007.645 1007.59 1007.545 1007.515 1007.465 1007.42 1007.37 1007.325 1007.285 1007.235 1007.19 1007.155 1007.13 1007.085 1007.06 1007.035 1007.005 1006.98 1006.95 1006.945 1006.94 1006.915 1006.89 1006.89 1006.885 1006.88 1006.88 1006.895 1006.92 1006.935
1007.96 1007.96 1007.96 1007.96 1007.96 1007.965 1007.975 1007.975 1007.975 1007.975 1007.96 1007.95 1007.95 1007.94 1007.925 1007.91 1007.9 1007.885 1007.865 1007.855 1007.84 1007.815 1007.79 1007.765 1007.74 1007.71 1007.67 1007.635 1007.61 1007.57 1007.515 1007.48 1007.435 1007.385 1007.33 1007.28 1007.22 1007.17 1007.125 1007.075 1007.01 1006.95 1006.91 1006.85 1006.8 1006.75 1006.715 1006.675 1006.625 1006.595 1006.555 1006.52 1006.5 1006.465 1006.455 1006.45 1006.42 1006.39 1006.39 1006.385 1006.38 1006.38 1006.395 1006.43 1006.445
1007.68 1007.68 1007.68 1007.68 1007.685 1007.695 1007.7 1007.7 1007.7 1007.7 1007.685 1007.67 1007.67 1007.66 1007.645 1007.625 1007.61 1007.6 1007.575 1007.565 1007.55 1007.52 1007.485 1007.46 1007.43 1007.4 1007.355 1007.32 1007.29 1007.235 1007.19 1007.13 1007.085 1007.025 1006.97 1006.91 1006.84 1006.785 1006.73 1006.675 1006.595 1006.54 1006.485 1006.425 1006.365 1006.315 1006.265 1006.21 1006.16 1006.12 1006.075 1006.04 1006.015 1005.975 1005.965 1005.96 1005.92 1005.89 1005.89 1005.885 1005.88 1005.88 1005.905 1005.94 1005.955
1007.405 1007.405 1007.405 1007.4 1007.41 1007.42 1007.425 1007.425 1007.425 1007.425 1007.41 1007.395 1007.39 1007.385 1007.37 1007.345 1007.33 1007.315 1007.29 1007.27 1007.255 1007.225 1007.19 1007.155 1007.12 1007.09 1007.05 1007.015 1006.96 1006.905 1006.86 1006.79 1006.735 1006.68 1006.615 1006.55 1006.48 1006.395 1006.34 1006.28 1006.2 1006.13 1006.07 1006.005 1005.93 1005.87 1005.81 1005.755 1005.695 1005.655 1005.6 1005.56 1005.535 1005.49 1005.475 1005.47 1005.43 1005.39 1005.39 1005.385 1005.38 1005.38 1005.41 1005.45 1005.465
1007.13 1007.13 1007.125 1007.125 1007.135 1007.145 1007.155 1007.15 1007.15 1007.145 1007.135 1007.115 1007.115 1007.11 1007.09 1007.065 1007.05 1007.03 1007 1006.985 1006.96 1006.93 1006.89 1006.86 1006.82 1006.785 1006.74 1006.7 1006.64 1006.585 1006.535 1006.46 1006.39 1006.33 1006.26 1006.185 1006.12 1006.03 1005.95 1005.885 1005.8 1005.73 1005.655 1005.585 1005.505 1005.435 1005.365 1005.3 1005.235 1005.19 1005.13 1005.09 1005.055 1005.01 1005.01 1004.995 1004.955 1004.95 1004.935 1004.92 1004.915 1004.92 1004.97 1004.99 1004.985
1006.85 1006.85 1006.85 1006.85 1006.855 1006.875 1006.88 1006.875 1006.875 1006.875 1006.855 1006.84 1006.84 1006.83 1006.81 1006.785 1006.765 1006.74 1006.715 1006.695 1006.67 1006.63 1006.595 1006.56 1006.52 1006.48 1006.43 1006.385 1006.325 1006.265 1006.205 1006.125 1006.055 1005.985 1005.905 1005.82 1005.75 1005.655 1005.57 1005.49 1005.41 1005.325 1005.24 1005.165 1005.075 1004.995 1004.96 1004.89 1004.85 1004.8 1004.75 1004.715 1004.68 1004.66 1004.65 1004.63 1004.625 1004.61 1004.585 1004.57 1004.575 1004.6 1004.615 1004.615 1004.625
1006.57 1006.57 1006.57 1006.57 1006.58 1006.595 1006.6 1006.6 1006.6 1006.6 1006.58 1006.56 1006.56 1006.55 1006.53 1006.505 1006.485 1006.455 1006.425 1006.405 1006.38 1006.34 1006.3 1006.265 1006.22 1006.18 1006.125 1006.06 1006 1005.94 1005.88 1005.8 1005.72 1005.645 1005.56 1005.475 1005.385 1005.29 1005.185 1005.105 1005.03 1004.935 1004.88 1004.795 1004.73 1004.68 1004.63 1004.585 1004.545 1004.515 1004.48 1004.445 1004.415 1004.4 1004.375 1004.355 1004.355 1004.34 1004.315 1004.305 1004.31 1004.33 1004.345 1004.345 1004.355
1006.295 1006.29 1006.29 1006.29 1006.305 1006.325 1006.33 1006.325 1006.325 1006.325 1006.305 1006.285 1006.28 1006.27 1006.25 1006.225 1006.2 1006.175 1006.145 1006.115 1006.09 1006.05 1006.005 1005.965 1005.92 1005.875 1005.82 1005.755 1005.685 1005.625 1005.555 1005.475 1005.39 1005.3 1005.215 1005.115 1005.025 1004.95 1004.845 1004.77 1004.695 1004.63 1004.565 1004.505 1004.445 1004.39 1004.345 1004.3 1004.26 1004.23 1004.2 1004.17 1004.145 1004.13 1004.105 1004.085 1004.085 1004.075 1004.045 1004.035 1004.04 1004.06 1004.075 1004.075 1004.085
1006.02 1006.015 1006.015 1006.015 1006.025 1006.045 1006.055 1006.055 1006.05 1006.05 1006.03 1006.005 1006 1005.995 1005.975 1005.945 1005.92 1005.89 1005.86 1005.83 1005.795 1005.755 1005.715 1005.675 1005.625 1005.575 1005.515 1005.445 1005.375 1005.305 1005.235 1005.15 1005.055 1004.985 1004.895 1004.79 1004.705 1004.63 1004.535 1004.46 1004.4 1004.325 1004.265 1004.205 1004.15 1004.105 1004.06 1004.015 1003.975 1003.945 1003.915 1003.89 1003.865 1003.85 1003.83 1003.815 1003.81 1003.8 1003.785 1003.77 1003.77 1003.79 1003.805 1003.805 1003.815
1005.74 1005.74 1005.74 1005.74 1005.75 1005.775 1005.78 1005.775 1005.775 1005.775 1005.755 1005.73 1005.725 1005.72 1005.695 1005.665 1005.635 1005.605 1005.575 1005.54 1005.505 1005.465 1005.425 1005.375 1005.32 1005.265 1005.205 1005.135 1005.06 1004.99 1004.925 1004.84 1004.735 1004.63 1004.56 1004.465 1004.38 1004.305 1004.21 1004.14 1004.08 1004.015 1003.955 1003.905 1003.86 1003.815 1003.775 1003.73 1003.69 1003.66 1003.635 1003.61 1003.585 1003.575 1003.56 1003.54 1003.535 1003.53 1003.515 1003.5 1003.505 1003.525 1003.535 1003.535 1003.54
1005.46 1005.46 1005.46 1005.46 1005.475 1005.495 1005.505 1005.505 1005.5 1005.495 1005.48 1005.46 1005.45 1005.44 1005.415 1005.385 1005.355 1005.325 1005.29 1005.255 1005.215 1005.175 1005.13 1005.08 1005.02 1004.965 1004.92 1004.84 1004.75 1004.66 1004.575 1004.48 1004.375 1004.295 1004.195 1004.11 1004.035 1003.97 1003.885 1003.815 1003.765 1003.71 1003.66 1003.6 1003.56 1003.52 1003.48 1003.445 1003.405 1003.375 1003.355 1003.33 1003.315 1003.3 1003.285 1003.27 1003.265 1003.26 1003.245 1003.235 1003.24 1003.255 1003.265 1003.265 1003.265
1005.185 1005.18 1005.18 1005.185 1005.2 1005.225 1005.23 1005.225 1005.225 1005.225 1005.205 1005.18 1005.17 1005.16 1005.135 1005.105 1005.075 1005.04 1005.005 1004.98 1004.94 1004.87 1004.79 1004.735 1004.64 1004.6 1004.515 1004.42 1004.335 1004.225 1004.155 1004.065 1003.985 1003.925 1003.835 1003.76 1003.695 1003.645 1003.56 1003.495 1003.455 1003.41 1003.35 1003.295 1003.26 1003.22 1003.19 1003.155 1003.12 1003.09 1003.07 1003.055 1003.035 1003.025 1003.015 1003 1002.995 1002.995 1002.975 1002.965 1002.97 1002.985 1002.99 1002.985 1002.995
1004.75 1004.745 1004.745 1004.75 1004.875 1004.895 1004.895 1004.895 1004.895 1004.9 1004.88 1004.815 1004.805 1004.77 1004.745 1004.665 1004.63 1004.595 1004.55 1004.525 1004.44 1004.37 1004.32 1004.225 1004.155 1004.065 1004 1003.94 1003.855 1003.8 1003.73 1003.65 1003.59 1003.54 1003.46 1003.4 1003.34 1003.29 1003.235 1003.17 1003.14 1003.1 1003.045 1002.99 1002.955 1002.925 1002.895 1002.87 1002.835 1002.81 1002.79 1002.775 1002.76 1002.75 1002.735 1002.725 1002.725 1002.725 1002.715 1002.7 1002.7 1002.71 1002.715 1002.715 1002.725
1003.78 1003.78 1003.78 1003.905 1003.975 1003.975 1003.975 1003.975 1004.025 1004.04 1004.035 1004.01 1003.955 1003.955 1003.975 1003.925 1003.85 1003.83 1003.82 1003.805 1003.72 1003.7 1003.68 1003.62 1003.565 1003.51 1003.465 1003.415 1003.375 1003.33 1003.29 1003.215 1003.19 1003.14 1003.09 1003.03 1002.99 1002.94 1002.89 1002.85 1002.82 1002.78 1002.735 1002.685 1002.655 1002.625 1002.605 1002.58 1002.55 1002.525 1002.505 1002.495 1002.48 1002.475 1002.46 1002.455 1002.455 1002.455 1002.44 1002.43 1002.435 1002.445 1002.445 1002.445 1002.455
1002.44 1002.44 1002.44 1002.455 1002.525 1002.525 1002.525 1002.57 1002.685 1002.7 1002.785 1002.81 1002.865 1002.865 1002.915 1002.985 1002.94 1003 1003.03 1003.05 1002.99 1003.05 1003.035 1003.01 1002.99 1002.95 1002.94 1002.91 1002.9 1002.87 1002.86 1002.795 1002.77 1002.755 1002.705 1002.68 1002.63 1002.595 1002.56 1002.525 1002.49 1002.465 1002.43 1002.385 1002.355 1002.33 1002.315 1002.295 1002.265 1002.235 1002.225 1002.215 1002.205 1002.2 1002.19 1002.18 1002.18 1002.18 1002.17 1002.165 1002.17 1002.175 1002.175 1002.175 1002.18
1001.59 1001.59 1001.6 1001.615 1001.525 1001.525 1001.53 1001.63 1001.68 1001.65 1001.735 1001.755 1001.81 1001.82 1001.905 1002.02 1002.03 1002.105 1002.23 1002.25 1002.295 1002.355 1002.4 1002.38 1002.395 1002.39 1002.4 1002.41 1002.4 1002.41 1002.4 1002.37 1002.355 1002.365 1002.33 1002.3 1002.275 1002.24 1002.225 1002.19 1002.17 1002.15 1002.12 1002.08 1002.055 1002.03 1002.02 1002.005 1001.975 1001.95 1001.94 1001.935 1001.925 1001.92 1001.915 1001.91 1001.905 1001.905 1001.9 1001.895 1001.9 1001.905 1001.905 1001.905 1001.91
1001.275 1001.325 1001.335 1001.245 1001.275 1001.295 1001.3 1001.295 1001.175 1001.145 1001.265 1001.285 1001.315 1001.3 1001.34 1001.375 1001.455 1001.505 1001.63 1001.59 1001.635 1001.665 1001.735 1001.755 1001.81 1001.84 1001.88 1001.89 1001.93 1001.94 1001.97 1001.95 1001.935 1001.965 1001.95 1001.93 1001.905 1001.895 1001.88 1001.865 1001.845 1001.835 1001.81 1001.77 1001.75 1001.735 1001.73 1001.715 1001.69 1001.665 1001.66 1001.655 1001.645 1001.645 1001.645 1001.64 1001.635 1001.635 1001.635 1001.63 1001.63 1001.635 1001.63 1001.63 1001.635
1000.98 1001.03 1001.05 1000.96 1001.06 1001.14 1001.105 1001.085 1001.015 1000.95 1001.07 1001.1 1001.13 1001.22 1001.155 1001.16 1001.16 1001.155 1001.24 1001.2 1001.17 1001.2 1001.22 1001.28 1001.41 1001.47 1001.475 1001.38 1001.42 1001.465 1001.495 1001.495 1001.495 1001.555 1001.56 1001.555 1001.55 1001.54 1001.54 1001.525 1001.525 1001.515 1001.495 1001.46 1001.435 1001.43 1001.44 1001.48 1001.455 1001.325 1001.32 1001.41 1001.405 1001.35 1001.35 1001.4 1001.3 1001.3 1001.325 1001.32 1001.405 1001.41 1001.46 1001.455 1001.38
1000.86 1000.865 1000.885 1000.88 1000.98 1000.845 1000.875 1000.92 1001.025 1000.96 1000.815 1000.845 1000.955 1001.045 1001.02 1001.03 1000.965 1000.88 1000.965 1000.97 1000.94 1000.975 1000.995 1001.135 1001.25 1001.285 1001.165 1001.07 1001.065 1001.11 1001.125 1001.125 1001.2 1001.17 1001.19 1001.2 1001.195 1001.23 1001.23 1001.275 1001.275 1001.24 1001.22 1001.205 1001.16 1001.145 1001.115 1001.155 1001.26 1001.13 1001.065 1001.02 1001.04 1001.09 1001.14 1001.125 1001.025 1001.02 1001.045 1001.025 1001.11 1001.16 1001.255 1001.195 1001.015
1000.74 1000.74 1000.805 1000.805 1000.76 1000.735 1000.705 1000.685 1000.845 1000.905 1000.8 1000.795 1000.805 1000.815 1000.85 1000.84 1000.745 1000.72 1000.865 1000.88 1000.82 1000.83 1000.87 1000.9 1000.975 1001.02 1000.905 1000.905 1000.945 1000.96 1000.94 1000.945 1000.885 1000.855 1001.015 1001.025 1001.035 1001.065 1000.95 1000.935 1000.905 1000.87 1001 1001.035 1000.92 1000.91 1000.88 1000.885 1000.885 1000.86 1000.805 1000.795 1000.94 1000.945 1000.82 1000.815 1000.835 1000.835 1000.76 1000.735 1000.855 1000.895 1000.86 1000.82 1000.725
1000.55 1000.62 1000.69 1000.63 1000.645 1000.56 1000.555 1000.59 1000.645 1000.745 1000.815 1000.71 1000.585 1000.68 1000.695 1000.6 1000.565 1000.65 1000.805 1000.74 1000.655 1000.67 1000.75 1000.74 1000.65 1000.7 1000.725 1000.77 1000.865 1000.845 1000.725 1000.78 1000.72 1000.73 1000.89 1000.83 1000.835 1000.89 1000.715 1000.615 1000.67 1000.785 1000.88 1000.845 1000.705 1000.695 1000.66 1000.56 1000.535 1000.695 1000.675 1000.685 1000.785 1000.665 1000.55 1000.645 1000.67 1000.64 1000.545 1000.555 1000.65 1000.56 1000.455 1000.5 1000.53
1000.62 1000.69 1000.59 1000.53 1000.615 1000.605 1000.64 1000.65 1000.675 1000.55 1000.62 1000.67 1000.545 1000.51 1000.575 1000.66 1000.65 1000.705 1000.585 1000.52 1000.53 1000.545 1000.665 1000.645 1000.605 1000.605 1000.605 1000.505 1000.6 1000.675 1000.555 1000.495 1000.585 1000.53 1000.485 1000.48 1000.605 1000.66 1000.525 1000.425 1000.515 1000.545 1000.59 1000.61 1000.505 1000.48 1000.455 1000.475 1000.45 1000.335 1000.43 1000.43 1000.405 1000.545 1000.495 1000.5 1000.465 1000.435 1000.405 1000.34 1000.46 1000.5 1000.365 1000.305 1000.42
1000.63 1000.54 1000.545 1000.585 1000.555 1000.62 1000.69 1000.7 1000.6 1000.465 1000.52 1000.445 1000.395 1000.46 1000.545 1000.555 1000.585 1000.56 1000.445 1000.57 1000.44 1000.385 1000.55 1000.65 1000.6 1000.53 1000.42 1000.325 1000.41 1000.47 1000.36 1000.46 1000.41 1000.335 1000.27 1000.38 1000.49 1000.32 1000.265 1000.355 1000.36 1000.36 1000.375 1000.275 1000.29 1000.35 1000.3 1000.42 1000.28 1000.2 1000.19 1000.22 1000.24 1000.425 1000.35 1000.19 1000.185 1000.265 1000.26 1000.275 1000.325 1000.37 1000.21 1000.255 1000.365
1000.41 1000.38 1000.44 1000.515 1000.495 1000.545 1000.545 1000.525 1000.52 1000.48 1000.445 1000.385 1000.435 1000.515 1000.375 1000.4 1000.44 1000.43 1000.435 1000.51 1000.385 1000.32 1000.475 1000.51 1000.39 1000.28 1000.32 1000.31 1000.295 1000.305 1000.325 1000.375 1000.25 1000.325 1000.28 1000.175 1000.185 1000.215 1000.22 1000.245 1000.28 1000.275 1000.185 1000.205 1000.17 1000.165 1000.2 1000.26 1000.142 1000.047 1000.13 1000.093 1000.157 1000.109 1000.049 1000.19 1000.14 1000.021 1000.026 999.9885 1000.2 1000.22 1000.02 1000.055 1000.055
